{
    "version": [
        "1",
        "2",
        "4"
    ],
    "featuresFolders": [
        "..\\..\\FeatureExtraction\\1f4657747c9e5d529685f7d8eb2099bcbdb92c0b"
    ],
    "matchesFolders": [
        "..\\..\\FeatureMatching\\5820245a8427bbeabce5df61ca1efeb6dcff5b1b"
    ],
    "intrinsics": [
        {
            "intrinsicId": "1458762883",
            "width": "3024",
            "height": "4032",
            "sensorWidth": "4.8899998664855957",
            "sensorHeight": "3.6675000190734863",
            "serialNumber": "",
            "type": "radial3",
            "initializationMode": "estimated",
            "initialFocalLength": "5.319999854745066",
            "focalLength": "5.4170659146381945",
            "pixelRatio": "1",
            "pixelRatioLocked": "true",
            "principalPoint": [
                "23.49451500976495",
                "-28.419129306502224"
            ],
            "distortionInitializationMode": "none",
            "distortionParams": [
                "0.14223732351179325",
                "-0.72077509111007465",
                "1.0863110435813454"
            ],
            "undistortionOffset": [
                "0",
                "0"
            ],
            "undistortionParams": "",
            "locked": "false"
        },
        {
            "intrinsicId": "3960709545",
            "width": "4032",
            "height": "3024",
            "sensorWidth": "4.8899998664855957",
            "sensorHeight": "3.6675000190734863",
            "serialNumber": "",
            "type": "radial3",
            "initializationMode": "estimated",
            "initialFocalLength": "3.9899998910587993",
            "focalLength": "4.0479470879205968",
            "pixelRatio": "1",
            "pixelRatioLocked": "true",
            "principalPoint": [
                "-35.982821279651112",
                "-28.0113977011111"
            ],
            "distortionInitializationMode": "none",
            "distortionParams": [
                "0.16118715364361155",
                "-0.78115352883831346",
                "1.1205707231517275"
            ],
            "undistortionOffset": [
                "0",
                "0"
            ],
            "undistortionParams": "",
            "locked": "false"
        }
    ],
    "poses": [
        {
            "poseId": "38975722",
            "pose": {
                "transform": {
                    "rotation": [
                        "-0.0018239717267645433",
                        "-0.092883422944769478",
                        "-0.99567532000607661",
                        "-0.082080932672168261",
                        "0.99233112549222824",
                        "-0.092421089968657291",
                        "0.99662399811503977",
                        "0.081557385449698774",
                        "-0.009433941901576412"
                    ],
                    "center": [
                        "3.1033664205453961",
                        "0.16768082646467711",
                        "1.7146314117152417"
                    ]
                },
                "locked": "0"
            }
        },
        {
            "poseId": "60904924",
            "pose": {
                "transform": {
                    "rotation": [
                        "-0.38141144974293123",
                        "-0.60231956044051405",
                        "-0.70123922673773842",
                        "0.45351760922693735",
                        "0.53909253007415092",
                        "-0.70971897405898166",
                        "0.80551044942078687",
                        "-0.58871928041214749",
                        "0.067546463600435064"
                    ],
                    "center": [
                        "1.9688832489536945",
                        "2.036178408565843",
                        "1.5300201418923243"
                    ]
                },
                "locked": "0"
            }
        },
        {
            "poseId": "76364211",
            "pose": {
                "transform": {
                    "rotation": [
                        "0.059130638488139937",
                        "0.14114693513993903",
                        "-0.98822118490375765",
                        "-0.33164788648614274",
                        "0.93650038016726112",
                        "0.11391539551724168",
                        "0.94154832429422308",
                        "0.32100557728359935",
                        "0.10218694814683339"
                    ],
                    "center": [
                        "2.4329626480937772",
                        "-0.32124549522947643",
                        "1.5842658987768352"
                    ]
                },
                "locked": "0"
            }
        },
        {
            "poseId": "79181387",
            "pose": {
                "transform": {
                    "rotation": [
                        "0.32158563381262528",
                        "-0.86877839538168278",
                        "-0.37657240982759294",
                        "0.35625833165956211",
                        "0.47948994902903386",
                        "-0.80197842234269612",
                        "0.87730421248759405",
                        "0.12374768077892617",
                        "0.46370662088583481"
                    ],
                    "center": [
                        "1.0100765212754523",
                        "1.7348076187741277",
                        "0.49246817196460946"
                    ]
                },
                "locked": "0"
            }
        },
        {
            "poseId": "94892937",
            "pose": {
                "transform": {
                    "rotation": [
                        "-0.96073102627860818",
                        "-0.26798837107359341",
                        "-0.071959211467156822",
                        "0.26882559897308383",
                        "-0.83465233050960397",
                        "-0.4807164283771152",
                        "0.068765489036402894",
                        "-0.48118366570802207",
                        "0.87391852444800411"
                    ],
                    "center": [
                        "0.2416852839572548",
                        "1.1560634495474575",
                        "-0.44364268328081252"
                    ]
                },
                "locked": "0"
            }
        },
        {
            "poseId": "134240050",
            "pose": {
                "transform": {
                    "rotation": [
                        "0.32630396500154474",
                        "0.36654809983671655",
                        "-0.87130259550305666",
                        "-0.12820469654970532",
                        "-0.89607643700048256",
                        "-0.42498302887893985",
                        "-0.93653044702607957",
                        "0.25037873224100421",
                        "-0.245400106427277"
                    ],
                    "center": [
                        "2.0342297154804951",
                        "1.1514442107908993",
                        "2.5593048255064654"
                    ]
                },
                "locked": "0"
            }
        },
        {
            "poseId": "171982290",
            "pose": {
                "transform": {
                    "rotation": [
                        "0.032742291802356847",
                        "-0.039347768666457776",
                        "-0.99868898833846143",
                        "-0.11761189370163042",
                        "0.99213060772049155",
                        "-0.042945310385228051",
                        "0.99251971506234815",
                        "0.11886383102162791",
                        "0.027856864278238205"
                    ],
                    "center": [
                        "2.1529969684266592",
                        "0.034309756117231804",
                        "1.6654628051303004"
                    ]
                },
                "locked": "0"
            }
        },
        {
            "poseId": "195086192",
            "pose": {
                "transform": {
                    "rotation": [
                        "-0.2610560415818553",
                        "0.76370299436852707",
                        "-0.59042991078209939",
                        "-0.73645120063295122",
                        "0.23786683685161342",
                        "0.63329218928745101",
                        "0.62409083652934472",
                        "0.60014756878517239",
                        "0.50033341227760264"
                    ],
                    "center": [
                        "1.8174637078328582",
                        "-1.914318129498207",
                        "0.36643641917464986"
                    ]
                },
                "locked": "0"
            }
        },
        {
            "poseId": "197755286",
            "pose": {
                "transform": {
                    "rotation": [
                        "-0.10147672798294397",
                        "0.50419103695626533",
                        "-0.85760939356495047",
                        "-0.73594182810813424",
                        "0.54200887433528511",
                        "0.40572898070344288",
                        "0.66939681752958236",
                        "0.67232267431253823",
                        "0.3160539863480662"
                    ],
                    "center": [
                        "2.5868710314010848",
                        "-1.3216291471035171",
                        "0.78152914235914961"
                    ]
                },
                "locked": "0"
            }
        },
        {
            "poseId": "201542261",
            "pose": {
                "transform": {
                    "rotation": [
                        "-0.99297343473622868",
                        "0.081074316279843392",
                        "-0.086201584369965015",
                        "-0.086281958551040622",
                        "-0.99455153030929999",
                        "0.058503651065773973",
                        "-0.080988774140202793",
                        "0.065530212873034774",
                        "0.99455849987020939"
                    ],
                    "center": [
                        "0.26311014395336757",
                        "-0.22190441927719079",
                        "-0.2686936656296659"
                    ]
                },
                "locked": "0"
            }
        },
        {
            "poseId": "201982299",
            "pose": {
                "transform": {
                    "rotation": [
                        "-0.99801168916687266",
                        "0.019510749871103739",
                        "0.059933287293062742",
                        "-0.022324585855928402",
                        "-0.99866206158197723",
                        "-0.046644395410341544",
                        "0.05894303311373493",
                        "-0.047889637671444482",
                        "0.99711198039691162"
                    ],
                    "center": [
                        "-0.038758002659537216",
                        "0.090227169894542908",
                        "-0.67123856419178596"
                    ]
                },
                "locked": "0"
            }
        },
        {
            "poseId": "209147451",
            "pose": {
                "transform": {
                    "rotation": [
                        "0.330659689669352",
                        "-0.21198256442635963",
                        "-0.91963447195447867",
                        "0.19580901038088047",
                        "-0.9378325203075627",
                        "0.28658156833129633",
                        "-0.92321341036697935",
                        "-0.2748336883149326",
                        "-0.26859531396839781"
                    ],
                    "center": [
                        "2.0915096062824494",
                        "-0.65494854689593329",
                        "2.307627911426791"
                    ]
                },
                "locked": "0"
            }
        },
        {
            "poseId": "209566071",
            "pose": {
                "transform": {
                    "rotation": [
                        "0.99997267567632819",
                        "0.0038904509744508886",
                        "0.0062858803631948871",
                        "-0.0038549411863016705",
                        "0.99997660022386903",
                        "-0.0056514098384816466",
                        "-0.0063077198079147445",
                        "0.0056270237184257747",
                        "0.99996427399927501"
                    ],
                    "center": [
                        "-0.0037681219552395872",
                        "0.001377723338358314",
                        "-0.0098879379130897317"
                    ]
                },
                "locked": "0"
            }
        },
        {
            "poseId": "265613411",
            "pose": {
                "transform": {
                    "rotation": [
                        "-0.72079937829060203",
                        "-0.6538984361884479",
                        "-0.22992409922881915",
                        "0.61166827592137418",
                        "-0.44402294133154052",
                        "-0.65475609794996259",
                        "0.32605241371174548",
                        "-0.61258506570238025",
                        "0.72002038914960964"
                    ],
                    "center": [
                        "0.60654273403926784",
                        "1.087298314589056",
                        "0.36104616149348323"
                    ]
                },
                "locked": "0"
            }
        },
        {
            "poseId": "288935019",
            "pose": {
                "transform": {
                    "rotation": [
                        "-0.025925184381906937",
                        "-0.31416763383951879",
                        "-0.94901347865161656",
                        "0.1304058555366249",
                        "0.94015759713609925",
                        "-0.31479835671273299",
                        "0.99112168660388256",
                        "-0.13191812004025155",
                        "0.016595540018955628"
                    ],
                    "center": [
                        "2.7348437575440334",
                        "0.88580467778515892",
                        "1.6235249408799735"
                    ]
                },
                "locked": "0"
            }
        },
        {
            "poseId": "291044082",
            "pose": {
                "transform": {
                    "rotation": [
                        "0.2192312107832646",
                        "0.86058871630262102",
                        "-0.45970070436220822",
                        "-0.59782183544859935",
                        "0.49084154071845365",
                        "0.63378516467806534",
                        "0.77106856328044615",
                        "0.13587362980998621",
                        "0.62208651122081648"
                    ],
                    "center": [
                        "0.89131864455687448",
                        "-1.0054544811421962",
                        "0.53364741331479382"
                    ]
                },
                "locked": "0"
            }
        },
        {
            "poseId": "313425074",
            "pose": {
                "transform": {
                    "rotation": [
                        "-0.71741358539180389",
                        "-0.66094169028091421",
                        "-0.220167730478118",
                        "0.68971369791425563",
                        "-0.62939026213766947",
                        "-0.35799848161091224",
                        "0.098044695954038641",
                        "-0.4086856738067583",
                        "0.90739366188022097"
                    ],
                    "center": [
                        "0.78927904650173197",
                        "0.78069647271112663",
                        "-0.42102987410008408"
                    ]
                },
                "locked": "0"
            }
        },
        {
            "poseId": "327243435",
            "pose": {
                "transform": {
                    "rotation": [
                        "-0.68349390779016272",
                        "-0.59399886012125147",
                        "-0.42426575655877163",
                        "0.72492520079467904",
                        "-0.48423518340936067",
                        "-0.48989768360474756",
                        "0.085554259195713633",
                        "-0.64240302094803148",
                        "0.76157654074315828"
                    ],
                    "center": [
                        "0.98362152525693403",
                        "0.91548713772218915",
                        "0.12262636867473886"
                    ]
                },
                "locked": "0"
            }
        },
        {
            "poseId": "342667291",
            "pose": {
                "transform": {
                    "rotation": [
                        "-0.19733992433106204",
                        "-0.6784135486708377",
                        "-0.70768072691352224",
                        "0.78559535208096032",
                        "0.32238386238457756",
                        "-0.52811796794162735",
                        "0.58642723082561821",
                        "-0.6601694496520133",
                        "0.46933932361603259"
                    ],
                    "center": [
                        "1.668011778098315",
                        "0.95079612294839722",
                        "0.64399602385200772"
                    ]
                },
                "locked": "0"
            }
        },
        {
            "poseId": "367688797",
            "pose": {
                "transform": {
                    "rotation": [
                        "0.34063765723313244",
                        "-0.06057452130838567",
                        "-0.93824128764565806",
                        "0.12918530753271454",
                        "-0.9854418464371999",
                        "0.11052385990418484",
                        "-0.93127715680800449",
                        "-0.15885557799051894",
                        "-0.32785326374598933"
                    ],
                    "center": [
                        "2.2400350441184802",
                        "-0.22756806255454357",
                        "2.5087370451681577"
                    ]
                },
                "locked": "0"
            }
        },
        {
            "poseId": "399032221",
            "pose": {
                "transform": {
                    "rotation": [
                        "0.141068250936318",
                        "0.89878888797824719",
                        "-0.41506419193251815",
                        "-0.61568764947096577",
                        "0.40796476567856715",
                        "0.67416130729503443",
                        "0.77526025750497873",
                        "0.1604471402414458",
                        "0.61092409374787016"
                    ],
                    "center": [
                        "0.96190228691625768",
                        "-1.166557968892552",
                        "0.36885176246744922"
                    ]
                },
                "locked": "0"
            }
        },
        {
            "poseId": "432172571",
            "pose": {
                "transform": {
                    "rotation": [
                        "-0.92959490115323495",
                        "-0.23494340156568458",
                        "0.28399809473067467",
                        "0.095625999062831021",
                        "-0.89786156465211975",
                        "-0.42976770356052013",
                        "0.3559620598506858",
                        "-0.37235226436963309",
                        "0.85711422994001463"
                    ],
                    "center": [
                        "-0.5744656505536605",
                        "1.1928002705894392",
                        "-0.75558487113255646"
                    ]
                },
                "locked": "0"
            }
        },
        {
            "poseId": "486350243",
            "pose": {
                "transform": {
                    "rotation": [
                        "-0.21582244071574325",
                        "0.48949083028284318",
                        "-0.84487833511844301",
                        "-0.83372333617812233",
                        "0.35801504875341184",
                        "0.4203934152411446",
                        "0.50825788020995877",
                        "0.79512511715773693",
                        "0.33083224641708392"
                    ],
                    "center": [
                        "1.8554610136698892",
                        "-0.75914440627654434",
                        "1.076242954597411"
                    ]
                },
                "locked": "0"
            }
        },
        {
            "poseId": "500848627",
            "pose": {
                "transform": {
                    "rotation": [
                        "0.26048193219456689",
                        "0.47223424618802723",
                        "-0.84210686954056524",
                        "-0.44966688778591674",
                        "-0.71250224830625419",
                        "-0.53864667100749886",
                        "-0.85437044250671046",
                        "0.51897530084365162",
                        "0.026754141457512336"
                    ],
                    "center": [
                        "2.3073983378302696",
                        "1.346371195218145",
                        "1.7911815109298286"
                    ]
                },
                "locked": "0"
            }
        },
        {
            "poseId": "509787264",
            "pose": {
                "transform": {
                    "rotation": [
                        "0.32066702027596922",
                        "0.37426716620714146",
                        "-0.87011306759903739",
                        "-0.92057849398845737",
                        "0.33937435810953182",
                        "-0.19328807894872016",
                        "0.22295268222937925",
                        "0.86298848970135122",
                        "0.4533684683893513"
                    ],
                    "center": [
                        "1.8327802842049856",
                        "0.22236034370031449",
                        "0.58289113216176081"
                    ]
                },
                "locked": "0"
            }
        },
        {
            "poseId": "517527742",
            "pose": {
                "transform": {
                    "rotation": [
                        "-0.59838775103663777",
                        "0.5539032402922075",
                        "-0.5788983501471634",
                        "-0.78315442774533195",
                        "-0.25185368567149524",
                        "0.56854099528227953",
                        "0.1691190164121005",
                        "0.79357477367131335",
                        "0.58449793573658315"
                    ],
                    "center": [
                        "1.2097301058297707",
                        "-1.2299901237130688",
                        "0.68278514979141902"
                    ]
                },
                "locked": "0"
            }
        },
        {
            "poseId": "553670233",
            "pose": {
                "transform": {
                    "rotation": [
                        "-0.92182421132641135",
                        "-0.38732471371201893",
                        "0.014821928361129433",
                        "0.38712782122928069",
                        "-0.92191158443343868",
                        "-0.014528610315410029",
                        "0.019291797290817425",
                        "-0.0076548439128110929",
                        "0.99978459176062573"
                    ],
                    "center": [
                        "0.16779111291787507",
                        "-0.14063152171904988",
                        "-0.27231401762739421"
                    ]
                },
                "locked": "0"
            }
        },
        {
            "poseId": "560923499",
            "pose": {
                "transform": {
                    "rotation": [
                        "0.010592420601126995",
                        "0.2237079391534329",
                        "-0.97459866539285422",
                        "-0.56330601862686125",
                        "0.80661967742951579",
                        "0.17902800161499283",
                        "0.82618044639446819",
                        "0.54710095406901615",
                        "0.13456008342821923"
                    ],
                    "center": [
                        "1.893926457828421",
                        "-0.29216251742975013",
                        "1.4589971668951796"
                    ]
                },
                "locked": "0"
            }
        },
        {
            "poseId": "593342149",
            "pose": {
                "transform": {
                    "rotation": [
                        "-0.84855118990384837",
                        "-0.39779931095415705",
                        "-0.34887904253073221",
                        "0.51538545773367139",
                        "-0.77062995982245697",
                        "-0.37484302712027606",
                        "-0.11974434462393924",
                        "-0.49788068171845717",
                        "0.85893894934514814"
                    ],
                    "center": [
                        "0.77047396453954231",
                        "0.63792344149853131",
                        "-0.05700714540887647"
                    ]
                },
                "locked": "0"
            }
        },
        {
            "poseId": "594160564",
            "pose": {
                "transform": {
                    "rotation": [
                        "-0.17398066817668625",
                        "0.29883228672052964",
                        "-0.93831231022201422",
                        "-0.88352934141054207",
                        "0.37340526630760357",
                        "0.28274442516237475",
                        "0.43486392120690803",
                        "0.87821852150084323",
                        "0.19906179574550559"
                    ],
                    "center": [
                        "2.2216241498854661",
                        "-0.76884545808823146",
                        "1.3526674535877339"
                    ]
                },
                "locked": "0"
            }
        },
        {
            "poseId": "603654290",
            "pose": {
                "transform": {
                    "rotation": [
                        "-0.071258841365397688",
                        "-0.49759194202702461",
                        "-0.86447928648235117",
                        "0.38181453438532226",
                        "0.78706541564626487",
                        "-0.48450561691861893",
                        "0.92148783977835547",
                        "-0.36459606515066267",
                        "0.1339024660612087"
                    ],
                    "center": [
                        "2.7753928069543123",
                        "1.5188626714466915",
                        "1.5129711659511107"
                    ]
                },
                "locked": "0"
            }
        },
        {
            "poseId": "611486932",
            "pose": {
                "transform": {
                    "rotation": [
                        "-0.70299525315587241",
                        "-0.63924485768269901",
                        "-0.31171090126355289",
                        "0.51409770284243284",
                        "-0.15390536868700447",
                        "-0.84381081376185907",
                        "0.49142774237159648",
                        "-0.75344485492671764",
                        "0.43682905651068199"
                    ],
                    "center": [
                        "0.8946628735643426",
                        "2.5308032952442554",
                        "0.59514167459898848"
                    ]
                },
                "locked": "0"
            }
        },
        {
            "poseId": "634194036",
            "pose": {
                "transform": {
                    "rotation": [
                        "0.99386716561597821",
                        "0.10174646998082292",
                        "-0.04330950192397412",
                        "-0.10947965380818496",
                        "0.96049246317962733",
                        "-0.25586800029931778",
                        "0.015564784370532971",
                        "0.25904031350655288",
                        "0.96574109028555122"
                    ],
                    "center": [
                        "0.11274019944778722",
                        "0.49684270142850206",
                        "0.048798863498130507"
                    ]
                },
                "locked": "0"
            }
        },
        {
            "poseId": "646534839",
            "pose": {
                "transform": {
                    "rotation": [
                        "0.9200243477508987",
                        "0.35381085041879146",
                        "-0.1684431110834308",
                        "-0.38704133527613716",
                        "0.7532589714699861",
                        "-0.53178936308245583",
                        "-0.06127156218996134",
                        "0.55445360854259995",
                        "0.82995601789546125"
                    ],
                    "center": [
                        "0.41293550699024945",
                        "0.85157368629179619",
                        "0.3268854769082965"
                    ]
                },
                "locked": "0"
            }
        },
        {
            "poseId": "663917629",
            "pose": {
                "transform": {
                    "rotation": [
                        "-0.95906709294252102",
                        "-0.051698279620337857",
                        "-0.27841982529819742",
                        "0.089181558160566735",
                        "-0.98830548880757496",
                        "-0.12368876455391324",
                        "-0.26876934519925233",
                        "-0.14345573769325959",
                        "0.95246180522058077"
                    ],
                    "center": [
                        "0.63527710371093649",
                        "0.14791146091831273",
                        "-0.11803064964792054"
                    ]
                },
                "locked": "0"
            }
        },
        {
            "poseId": "684191428",
            "pose": {
                "transform": {
                    "rotation": [
                        "-0.58315862534562746",
                        "-0.73198054265362644",
                        "-0.3523215901154807",
                        "0.61044669186840739",
                        "-0.1087036225256138",
                        "-0.7845625270408515",
                        "0.53598587114952556",
                        "-0.67259795392664667",
                        "0.51022655585707488"
                    ],
                    "center": [
                        "0.98532348953201465",
                        "1.8630022762880558",
                        "0.45351016526079824"
                    ]
                },
                "locked": "0"
            }
        },
        {
            "poseId": "706094670",
            "pose": {
                "transform": {
                    "rotation": [
                        "0.32634925232302825",
                        "0.13718532495353988",
                        "-0.93524133362763218",
                        "0.0087196704858779252",
                        "-0.98980721074830957",
                        "-0.14214658946759634",
                        "-0.94520904188164545",
                        "0.038234436939012531",
                        "-0.32421905400074574"
                    ],
                    "center": [
                        "2.4095769512253908",
                        "0.40882482429822298",
                        "2.6666149227137099"
                    ]
                },
                "locked": "0"
            }
        },
        {
            "poseId": "713433504",
            "pose": {
                "transform": {
                    "rotation": [
                        "-0.1265487215309643",
                        "0.063899195355337987",
                        "-0.98990015350631144",
                        "-0.088831463331324564",
                        "0.99318359346293672",
                        "0.075467349221127605",
                        "0.9879748945197413",
                        "0.097484575749132968",
                        "-0.12000985496915477"
                    ],
                    "center": [
                        "3.0607456054803173",
                        "-0.19377184016413021",
                        "2.2187034870570583"
                    ]
                },
                "locked": "0"
            }
        },
        {
            "poseId": "725499859",
            "pose": {
                "transform": {
                    "rotation": [
                        "-0.014943047222754652",
                        "0.26290177904412443",
                        "-0.96470687771733687",
                        "-0.51616283329591128",
                        "0.82429277292021275",
                        "0.23263136941402246",
                        "0.85636010816924191",
                        "0.50142205684128061",
                        "0.12338268131882874"
                    ],
                    "center": [
                        "2.2308629023393993",
                        "-0.51151812114339357",
                        "1.3996977212235"
                    ]
                },
                "locked": "0"
            }
        },
        {
            "poseId": "726184655",
            "pose": {
                "transform": {
                    "rotation": [
                        "-0.97654528110801808",
                        "-0.20064172709608849",
                        "-0.078116651832759079",
                        "0.21222114213551638",
                        "-0.83568909117166723",
                        "-0.50654311734280788",
                        "0.036352452136805616",
                        "-0.51124029599061482",
                        "0.85866865494151434"
                    ],
                    "center": [
                        "0.31899739889696299",
                        "1.5262613785667176",
                        "-0.90466660462339121"
                    ]
                },
                "locked": "0"
            }
        },
        {
            "poseId": "729006011",
            "pose": {
                "transform": {
                    "rotation": [
                        "-0.55993743250109473",
                        "0.72525119019649431",
                        "-0.40060052771139787",
                        "-0.78248131044470393",
                        "-0.30393864025365047",
                        "0.54345588759852548",
                        "0.27238404962262558",
                        "0.61776372026797632",
                        "0.73768212356803731"
                    ],
                    "center": [
                        "0.96484043996168678",
                        "-1.3180413689309101",
                        "0.046085812142121707"
                    ]
                },
                "locked": "0"
            }
        },
        {
            "poseId": "729434059",
            "pose": {
                "transform": {
                    "rotation": [
                        "-0.31276246102834993",
                        "-0.52508931706170825",
                        "-0.79149279976457099",
                        "0.33229575636922837",
                        "0.72015001223549235",
                        "-0.609067722159222",
                        "0.88980850370767584",
                        "-0.45350321827401568",
                        "-0.05075093836194703"
                    ],
                    "center": [
                        "2.3238660011076631",
                        "1.4941418138976674",
                        "1.6013922114030459"
                    ]
                },
                "locked": "0"
            }
        },
        {
            "poseId": "741921300",
            "pose": {
                "transform": {
                    "rotation": [
                        "-0.13356576181088933",
                        "0.52902020436338082",
                        "-0.83803210597637789",
                        "-0.40954882928665698",
                        "0.74056172427254707",
                        "0.53276457180672232",
                        "0.90245772405238178",
                        "0.41437417380647451",
                        "0.11774591449556214"
                    ],
                    "center": [
                        "2.3813447581737321",
                        "-1.4477938037359546",
                        "1.5008329752176106"
                    ]
                },
                "locked": "0"
            }
        },
        {
            "poseId": "743560311",
            "pose": {
                "transform": {
                    "rotation": [
                        "-0.94951684328692609",
                        "-0.31347689895797465",
                        "-0.012247372539568637",
                        "0.29660892939155847",
                        "-0.88433908127472471",
                        "-0.36051010018495938",
                        "0.10218075806933841",
                        "-0.34594309235749715",
                        "0.93267490023614774"
                    ],
                    "center": [
                        "0.10789294325246335",
                        "0.8030826766703747",
                        "-0.2855127471224343"
                    ]
                },
                "locked": "0"
            }
        },
        {
            "poseId": "748496795",
            "pose": {
                "transform": {
                    "rotation": [
                        "-0.087298403137361452",
                        "-0.22268617433315724",
                        "-0.97097366420028586",
