{
    "version": [
        "1",
        "2",
        "4"
    ],
    "featuresFolders": [
        "..\\..\\FeatureExtraction\\d784f6122f380cec144642e9989df8a28316b7a1"
    ],
    "matchesFolders": [
        "..\\..\\FeatureMatching\\7c6f1885cc29cbf708a7ede4a59dce5f0768a0c2"
    ],
    "intrinsics": [
        {
            "intrinsicId": "3960709545",
            "width": "4032",
            "height": "3024",
            "sensorWidth": "4.8899998664855957",
            "sensorHeight": "3.6675000190734863",
            "serialNumber": "",
            "type": "radial3",
            "initializationMode": "estimated",
            "initialFocalLength": "3.9899998910587993",
            "focalLength": "4.0501464339472575",
            "pixelRatio": "1",
            "pixelRatioLocked": "true",
            "principalPoint": [
                "-34.245321407073213",
                "-25.796273828605681"
            ],
            "distortionInitializationMode": "none",
            "distortionParams": [
                "0.13481897448039076",
                "-0.61010516854942876",
                "0.83334102471163396"
            ],
            "undistortionOffset": [
                "0",
                "0"
            ],
            "undistortionParams": "",
            "locked": "false"
        }
    ],
    "poses": [
        {
            "poseId": "38975722",
            "pose": {
                "transform": {
                    "rotation": [
                        "-0.27927216084432815",
                        "0.15021906233629798",
                        "0.9483887881497457",
                        "-0.071984863038643737",
                        "-0.98818286493772678",
                        "0.13532481271656763",
                        "0.95750991622575254",
                        "-0.030477184159134883",
                        "0.28678546262856985"
                    ],
                    "center": [
                        "-2.5607654382734912",
                        "-0.36179745126575213",
                        "0.91159890113192166"
                    ]
                },
                "locked": "0"
            }
        },
        {
            "poseId": "60904924",
            "pose": {
                "transform": {
                    "rotation": [
                        "0.18248281455621526",
                        "0.78382295343362396",
                        "0.5935668454877111",
                        "-0.55513719609051404",
                        "-0.41612949608532285",
                        "0.72017979422123257",
                        "0.81149412561546219",
                        "-0.46093147013234598",
                        "0.35919279493501804"
                    ],
                    "center": [
                        "-1.4050779328346357",
                        "-1.9382106783515218",
                        "0.81778412478792917"
                    ]
                },
                "locked": "0"
            }
        },
        {
            "poseId": "76364211",
            "pose": {
                "transform": {
                    "rotation": [
                        "-0.34372066074553259",
                        "-0.14394317477169222",
                        "0.92797439070984078",
                        "0.18040446837402715",
                        "-0.97989761447803292",
                        "-0.085175659263341794",
                        "0.92158034656091636",
                        "0.13813409273928845",
                        "0.36277904743211714"
                    ],
                    "center": [
                        "-1.9927928894007145",
                        "0.11157398294844889",
                        "1.0302407961727265"
                    ]
                },
                "locked": "0"
            }
        },
        {
            "poseId": "79181387",
            "pose": {
                "transform": {
                    "rotation": [
                        "-0.51869729097606965",
                        "0.83881630299009913",
                        "0.16534911603062394",
                        "-0.50071039471417411",
                        "-0.45480493658346016",
                        "0.73650632738931077",
                        "0.6929951088999563",
                        "0.29923181565023615",
                        "0.65591013069124016"
                    ],
                    "center": [
                        "-0.35366093865850423",
                        "-1.4939153076274909",
                        "0.21815179953879305"
                    ]
                },
                "locked": "0"
            }
        },
        {
            "poseId": "94892937",
            "pose": {
                "transform": {
                    "rotation": [
                        "0.92428821056517274",
                        "0.31786439056355242",
                        "-0.2113138259127687",
                        "-0.234219442716816",
                        "0.90945693587943122",
                        "0.34355397601282378",
                        "0.30138439983458787",
                        "-0.26804908317779635",
                        "0.91505034426740028"
                    ],
                    "center": [
                        "0.48854481393783278",
                        "-0.82490322770969882",
                        "-0.31069066472550033"
                    ]
                },
                "locked": "0"
            }
        },
        {
            "poseId": "124947716",
            "pose": {
                "transform": {
                    "rotation": [
                        "0.89710732760701284",
                        "0.44089427984371887",
                        "0.028472385830706055",
                        "-0.27322077238806225",
                        "0.60426981245484834",
                        "-0.7484707097084381",
                        "-0.34720145778708184",
                        "0.66367931093026478",
                        "0.66255635228533893"
                    ],
                    "center": [
                        "-0.30320540145943731",
                        "1.2154561420297854",
                        "0.47447878248089975"
                    ]
                },
                "locked": "0"
            }
        },
        {
            "poseId": "141563696",
            "pose": {
                "transform": {
                    "rotation": [
                        "-0.57475867892655808",
                        "-0.46568750120471841",
                        "0.67289494887411916",
                        "0.47862283730623845",
                        "-0.85827440833539426",
                        "-0.18516268416032042",
                        "0.66375646181978798",
                        "0.21563902990468567",
                        "0.71618933821597952"
                    ],
                    "center": [
                        "-1.2318680858639803",
                        "0.27724489733627233",
                        "0.28298877864673483"
                    ]
                },
                "locked": "0"
            }
        },
        {
            "poseId": "171982290",
            "pose": {
                "transform": {
                    "rotation": [
                        "-0.31409386228869812",
                        "0.088937580346692802",
                        "0.94521698697952095",
                        "-0.037695086509375607",
                        "-0.99598569550975324",
                        "0.081188513922868855",
                        "0.94864330816467535",
                        "-0.010129222182810784",
                        "0.31618550367205672"
                    ],
                    "center": [
                        "-1.7463115594546426",
                        "-0.20110916202517115",
                        "1.1273434214793547"
                    ]
                },
                "locked": "0"
            }
        },
        {
            "poseId": "195086192",
            "pose": {
                "transform": {
                    "rotation": [
                        "0.016113506050441508",
                        "-0.87634715337455782",
                        "0.48141045033845209",
                        "0.64277295163507187",
                        "-0.35972291566333342",
                        "-0.67634485034855396",
                        "0.7658872551290431",
                        "0.32033590295029229",
                        "0.557495849053534"
                    ],
                    "center": [
                        "-1.2894559474351746",
                        "1.7066917252800733",
                        "0.34720858312638425"
                    ]
                },
                "locked": "0"
            }
        },
        {
            "poseId": "197755286",
            "pose": {
                "transform": {
                    "rotation": [
                        "-0.14923961446959066",
                        "-0.62130636116081972",
                        "0.76922424757288399",
                        "0.62835509432828096",
                        "-0.66025394209379373",
                        "-0.41138134058474624",
                        "0.76347718558229738",
                        "0.42195158197440902",
                        "0.48893706094407352"
                    ],
                    "center": [
                        "-2.0040890291947608",
                        "1.095677311257901",
                        "0.43385052069991581"
                    ]
                },
                "locked": "0"
            }
        },
        {
            "poseId": "201542261",
            "pose": {
                "transform": {
                    "rotation": [
                        "0.96611887346861902",
                        "-0.17995464971788366",
                        "-0.18501525983723552",
                        "0.14085219949148264",
                        "0.96829691930029083",
                        "-0.20630495382316286",
                        "0.21627524182424948",
                        "0.17325530329106684",
                        "0.96083693707901474"
                    ],
                    "center": [
                        "0.32235298839477128",
                        "0.36367289527969016",
                        "-0.0010593521948714935"
                    ]
                },
                "locked": "0"
            }
        },
        {
            "poseId": "201982299",
            "pose": {
                "transform": {
                    "rotation": [
                        "0.93798865169106094",
                        "-0.090159026633142902",
                        "-0.33473667145287445",
                        "0.056531014579663919",
                        "0.99244412683307381",
                        "-0.10889857439439406",
                        "0.342025633088193",
                        "0.083222623313025809",
                        "0.93599810965595376"
                    ],
                    "center": [
                        "0.70280866399804243",
                        "0.15498294061526338",
                        "-0.30341739902533893"
                    ]
                },
                "locked": "0"
            }
        },
        {
            "poseId": "265613411",
            "pose": {
                "transform": {
                    "rotation": [
                        "0.6528897126062575",
                        "0.75675648373662707",
                        "-0.032475336726412909",
                        "-0.62284990996928968",
                        "0.56077252882730433",
                        "0.54552008264029805",
                        "0.43103713624717516",
                        "-0.33593718941969752",
                        "0.83746832294757778"
                    ],
                    "center": [
                        "-0.025723855906553607",
                        "-0.88895216785183995",
                        "0.28692108693070295"
                    ]
                },
                "locked": "0"
            }
        },
        {
            "poseId": "288935019",
            "pose": {
                "transform": {
                    "rotation": [
                        "-0.23648720691995842",
                        "0.41636033312654464",
                        "0.87790539009733237",
                        "-0.280033876223586",
                        "-0.89440193453741912",
                        "0.34874949127262561",
                        "0.93040573360786527",
                        "-0.16336845624071558",
                        "0.3281096133537319"
                    ],
                    "center": [
                        "-2.1690108152728018",
                        "-0.96744035040465703",
                        "0.84158851555809522"
                    ]
                },
                "locked": "0"
            }
        },
        {
            "poseId": "291044082",
            "pose": {
                "transform": {
                    "rotation": [
                        "-0.47227592901263954",
                        "-0.82049722936841785",
                        "0.32208654655852653",
                        "0.46311836675464391",
                        "-0.54188281692826268",
                        "-0.70134470204914379",
                        "0.74998455000737152",
                        "-0.18206402532252364",
                        "0.63590554757259343"
                    ],
                    "center": [
                        "-0.46953129965976548",
                        "0.91911566405336154",
                        "0.61324843467983037"
                    ]
                },
                "locked": "0"
            }
        },
        {
            "poseId": "313425074",
            "pose": {
                "transform": {
                    "rotation": [
                        "0.71886376705138566",
                        "0.69186470180726123",
                        "-0.067513841646294717",
                        "-0.66497703192478186",
                        "0.71271319058432614",
                        "0.22326095713227107",
                        "0.20258438101985807",
                        "-0.11559905864780946",
                        "0.97241782491197748"
                    ],
                    "center": [
                        "-0.014510677797265024",
                        "-0.5181888518622727",
                        "-0.38423938855671391"
                    ]
                },
                "locked": "0"
            }
        },
        {
            "poseId": "327243435",
            "pose": {
                "transform": {
                    "rotation": [
                        "0.69266242185923643",
                        "0.70401482851306718",
                        "0.1567861300556076",
                        "-0.69940709883813978",
                        "0.60250706288202538",
                        "0.38446709777572868",
                        "0.17620578718905283",
                        "-0.3759632434307798",
                        "0.90972697011251369"
                    ],
                    "center": [
                        "-0.3034336642226077",
                        "-0.71891578667652833",
                        "0.0098789701645397576"
                    ]
                },
                "locked": "0"
            }
        },
        {
            "poseId": "342667291",
            "pose": {
                "transform": {
                    "rotation": [
                        "0.094048007714077161",
                        "0.85785188822300695",
                        "0.50521788380582355",
                        "-0.8577484044371434",
                        "-0.18779238455209585",
                        "0.47854121556013585",
                        "0.50539355647905471",
                        "-0.47835568166005876",
                        "0.7181595887356742"
                    ],
                    "center": [
                        "-1.0136367553342263",
                        "-0.8473100682215583",
                        "0.27383204113779935"
                    ]
                },
                "locked": "0"
            }
        },
        {
            "poseId": "383948949",
            "pose": {
                "transform": {
                    "rotation": [
                        "0.96092808753384085",
                        "-0.23014790833211934",
                        "0.15378280423670843",
                        "0.2077853679325064",
                        "0.96682694326891949",
                        "0.14856279023507432",
                        "-0.18287277397608515",
                        "-0.11080434133926412",
                        "0.97687253338327806"
                    ],
                    "center": [
                        "-0.37674582103761722",
                        "-0.27856449610426576",
                        "0.013059402563234401"
                    ]
                },
                "locked": "0"
            }
        },
        {
            "poseId": "399032221",
            "pose": {
                "transform": {
                    "rotation": [
                        "-0.39993942194394461",
                        "-0.87073712944368642",
                        "0.28612114599119176",
                        "0.48326725724092723",
                        "-0.46559215304843982",
                        "-0.74140185129155822",
                        "0.77878188015257199",
                        "-0.15824284637192201",
                        "0.60700740087591798"
                    ],
                    "center": [
                        "-0.50190431134149371",
                        "1.0807135802649803",
                        "0.47553760517524196"
                    ]
                },
                "locked": "0"
            }
        },
        {
            "poseId": "432172571",
            "pose": {
                "transform": {
                    "rotation": [
                        "0.80111641014304769",
                        "0.25098232157849665",
                        "-0.54334185523902367",
                        "-0.10861111686998641",
                        "0.95371716311299704",
                        "0.28040541734415736",
                        "0.58857125540733835",
                        "-0.16562441558769361",
                        "0.7912979402661583"
                    ],
                    "center": [
                        "1.2648382064414236",
                        "-0.78259347944109736",
                        "-0.3720332348477341"
                    ]
                },
                "locked": "0"
            }
        },
        {
            "poseId": "486350243",
            "pose": {
                "transform": {
                    "rotation": [
                        "-0.004054612222299663",
                        "-0.65708627869107461",
                        "0.75380447231071934",
                        "0.75462237327880999",
                        "-0.4966250505528465",
                        "-0.42884569825339136",
                        "0.65614680816626925",
                        "0.56709891687367731",
                        "0.49786562907467219"
                    ],
                    "center": [
                        "-1.4081763577809374",
                        "0.58994547667995423",
                        "0.79923298678269483"
                    ]
                },
                "locked": "0"
            }
        },
        {
            "poseId": "517527742",
            "pose": {
                "transform": {
                    "rotation": [
                        "0.45999045210679607",
                        "-0.76995581311820327",
                        "0.44224069217573303",
                        "0.77335456236067135",
                        "0.10269347637978617",
                        "-0.62560112754451491",
                        "0.43626999077007295",
                        "0.62977940245336728",
                        "0.6426868595194396"
                    ],
                    "center": [
                        "-0.79567153879440711",
                        "1.0838338831022933",
                        "0.68707052676274838"
                    ]
                },
                "locked": "0"
            }
        },
        {
            "poseId": "537651650",
            "pose": {
                "transform": {
                    "rotation": [
                        "0.079146801690232416",
                        "0.95641098517418155",
                        "-0.28109395443580498",
                        "-0.98841928290147429",
                        "0.03866856303578263",
                        "-0.14673807761205973",
                        "-0.12947241007543722",
                        "0.28945253440054575",
                        "0.94839555321519631"
                    ],
                    "center": [
                        "0.50280477587488592",
                        "0.14135430172296204",
                        "0.26106203704792941"
                    ]
                },
                "locked": "0"
            }
        },
        {
            "poseId": "553670233",
            "pose": {
                "transform": {
                    "rotation": [
                        "0.91075846209108557",
                        "0.29495103562421487",
                        "-0.28900330502207694",
                        "-0.34491492666064827",
                        "0.92818412153055818",
                        "-0.1396707911670349",
                        "0.22705223429017407",
                        "0.22688790871870851",
                        "0.94708455788334478"
                    ],
                    "center": [
                        "0.41055932177380688",
                        "0.2963741931585066",
                        "0.010080553991376057"
                    ]
                },
                "locked": "0"
            }
        },
        {
            "poseId": "560923499",
            "pose": {
                "transform": {
                    "rotation": [
                        "-0.28517288348405528",
                        "-0.29708412669589462",
                        "0.9112724335733674",
                        "0.428880350085377",
                        "-0.88981170497886242",
                        "-0.15587422812400509",
                        "0.85716863675477184",
                        "0.34637573723912524",
                        "0.38116371392882942"
                    ],
                    "center": [
                        "-1.4987494692220964",
                        "0.12593836662732794",
                        "1.056946510122839"
                    ]
                },
                "locked": "0"
            }
        },
        {
            "poseId": "593342149",
            "pose": {
                "transform": {
                    "rotation": [
                        "0.88940654477228975",
                        "0.45218573894035874",
                        "0.066963091439825859",
                        "-0.45349712493050731",
                        "0.85444534997934729",
                        "0.25350246858449721",
                        "0.05741389897908495",
                        "-0.25583432411940332",
                        "0.96501421896591089"
                    ],
                    "center": [
                        "-0.097241370269007046",
                        "-0.44251406233753221",
                        "-0.054491588659648788"
                    ]
                },
                "locked": "0"
            }
        },
        {
            "poseId": "594160564",
            "pose": {
                "transform": {
                    "rotation": [
                        "-0.02782346657945137",
                        "-0.49639985109982215",
                        "0.86764799460125275",
                        "0.81310579106022796",
                        "-0.51612428560360168",
                        "-0.26921124485149617",
                        "0.58145062322764984",
                        "0.69799921893813432",
                        "0.41798596042203512"
                    ],
                    "center": [
                        "-1.7881413204092707",
                        "0.54722892127028266",
                        "0.9420109085988192"
                    ]
                },
                "locked": "0"
            }
        },
        {
            "poseId": "603654290",
            "pose": {
                "transform": {
                    "rotation": [
                        "-0.15276360105879508",
                        "0.64295762861856276",
                        "0.75051233833478259",
                        "-0.51554115235283027",
                        "-0.69975161664388652",
                        "0.49453513043562752",
                        "0.84313735679441038",
                        "-0.31137302838470382",
                        "0.43836769357729044"
                    ],
                    "center": [
                        "-2.1291725681216445",
                        "-1.5114129171261257",
                        "0.66091950699952073"
                    ]
                },
                "locked": "0"
            }
        },
        {
            "poseId": "611486932",
            "pose": {
                "transform": {
                    "rotation": [
                        "0.58201627671973533",
                        "0.80599080047793981",
                        "0.10786975098806104",
                        "-0.55262738524355448",
                        "0.294724644693166",
                        "0.77957703717423565",
                        "0.5965400461931859",
                        "-0.51333830302775674",
                        "0.61694712896034665"
                    ],
                    "center": [
                        "-0.22042218125534696",
                        "-2.2047977377792933",
                        "0.2388901203768905"
                    ]
                },
                "locked": "0"
            }
        },
        {
            "poseId": "632719857",
            "pose": {
                "transform": {
                    "rotation": [
                        "-0.45664764790086132",
                        "0.88485976891241092",
                        "0.092174372940021551",
                        "-0.86324816680083516",
                        "-0.46576483423378928",
                        "0.19459116553987862",
                        "0.2151174753050262",
                        "0.0092902395795826168",
                        "0.97654398941724385"
                    ],
                    "center": [
                        "-0.18695661956463544",
                        "-0.27306005955395651",
                        "0.29486269401766485"
                    ]
                },
                "locked": "0"
            }
        },
        {
            "poseId": "663917629",
            "pose": {
                "transform": {
                    "rotation": [
                        "0.99997687243245181",
                        "0.0049162298518364688",
                        "-0.0046994982982894503",
                        "-0.0049708099494278294",
                        "0.99991950380558192",
                        "-0.011673772211470828",
                        "0.0046417290591311737",
                        "0.011696862538413929",
                        "0.99992081574397618"
                    ],
                    "center": [
                        "-0.004588602937448681",
                        "0.0028799331782639525",
                        "-0.012594858546009575"
                    ]
                },
                "locked": "0"
            }
        },
        {
            "poseId": "677874328",
            "pose": {
                "transform": {
                    "rotation": [
                        "-0.56609809784624465",
                        "0.44682406532163504",
                        "0.69273457995419219",
                        "-0.48422319661315671",
                        "-0.86033449867024459",
                        "0.1592245152592888",
                        "0.66712880276345421",
                        "-0.24530145749111748",
                        "0.70339630044245594"
                    ],
                    "center": [
                        "-1.1904422467149305",
                        "-0.20314873173637243",
                        "0.26971923429743194"
                    ]
                },
                "locked": "0"
            }
        },
        {
            "poseId": "684191428",
            "pose": {
                "transform": {
                    "rotation": [
                        "0.46317985176740817",
                        "0.87648228822831276",
                        "0.13131345452306833",
                        "-0.66005361469521207",
                        "0.24227460155511066",
                        "0.71107822577343527",
                        "0.59143355556182808",
                        "-0.41603102752483795",
                        "0.69074201659673273"
                    ],
                    "center": [
                        "-0.31318248621524214",
                        "-1.5998689243796038",
                        "0.17507449170662626"
                    ]
                },
                "locked": "0"
            }
        },
        {
            "poseId": "713433504",
            "pose": {
                "transform": {
                    "rotation": [
                        "-0.15788912006737624",
                        "-0.0039795373567425608",
                        "0.98744882857127148",
                        "-0.058475300283615604",
                        "-0.9981992820484652",
                        "-0.01337282971812045",
                        "0.98572392941486964",
                        "-0.059852791082414453",
                        "0.15737210165259366"
                    ],
                    "center": [
                        "-2.6740121957358021",
                        "-0.11168757514398378",
                        "1.3933809194186797"
                    ]
                },
                "locked": "0"
            }
        },
        {
            "poseId": "725107583",
            "pose": {
                "transform": {
                    "rotation": [
                        "0.882876616321846",
                        "0.46939726601707371",
                        "0.013967355074751438",
                        "-0.21996721141161119",
                        "0.43964246509114863",
                        "-0.87082083621855166",
                        "-0.41490156212755719",
                        "0.76575499315660656",
                        "0.49140205962107858"
                    ],
                    "center": [
                        "-0.16941168097193793",
                        "1.443666453722924",
                        "0.8981414926526502"
                    ]
                },
                "locked": "0"
            }
        },
        {
            "poseId": "725499859",
            "pose": {
                "transform": {
                    "rotation": [
                        "-0.26534023148474778",
                        "-0.3201913486263428",
                        "0.9094350234186408",
                        "0.37896905311504814",
                        "-0.90196292915919629",
                        "-0.20699113798335886",
                        "0.88655344922723289",
                        "0.28972465322682833",
                        "0.36066966461831779"
                    ],
                    "center": [
                        "-1.7883188123045768",
                        "0.31312102163747907",
                        "0.94761940175880821"
                    ]
                },
                "locked": "0"
            }
        },
        {
            "poseId": "726184655",
            "pose": {
                "transform": {
                    "rotation": [
                        "0.94354628682184105",
                        "0.26141098781425509",
                        "-0.20343229850417222",
                        "-0.17266113628182195",
                        "0.91226324319060759",
                        "0.37143492988843146",
                        "0.28268098033398947",
                        "-0.31534119707600733",
                        "0.90589811390911112"
                    ],
                    "center": [
                        "0.56332474091828511",
                        "-1.0896174136030816",
                        "-0.76501712877958994"
                    ]
                },
                "locked": "0"
            }
        },
        {
            "poseId": "729006011",
            "pose": {
                "transform": {
                    "rotation": [
                        "0.39532440067376834",
                        "-0.89012880377650749",
                        "0.22669215010522306",
                        "0.75499508646505875",
                        "0.17432076256763579",
                        "-0.63213502604384775",
                        "0.52316444608320245",
                        "0.42104985978532411",
                        "0.74095612415932854"
                    ],
                    "center": [
                        "-0.43646812544476998",
                        "1.2583134326320002",
                        "0.22041725804757295"
                    ]
                },
                "locked": "0"
            }
        },
        {
            "poseId": "729434059",
            "pose": {
                "transform": {
                    "rotation": [
                        "0.082987073515328511",
                        "0.68766996511873291",
                        "0.72126497537518197",
                        "-0.45213763187066869",
                        "-0.61900094589557164",
                        "0.64219108591350849",
                        "0.88807922364828729",
                        "-0.379404596774984",
                        "0.25955239253427559"
                    ],
                    "center": [
                        "-1.7676208993708715",
                        "-1.4825183167521663",
                        "0.85246168548163548"
                    ]
                },
                "locked": "0"
            }
        },
        {
            "poseId": "741921300",
            "pose": {
                "transform": {
                    "rotation": [
                        "-0.15552548032588076",
                        "-0.55789586018202697",
                        "0.81520796988324407",
                        "0.2715154810177734",
                        "-0.81760715415365215",
                        "-0.50773800827242954",
                        "0.94978480117187147",
                        "0.14237538645609604",
                        "0.27863610820277035"
                    ],
                    "center": [
                        "-2.0130511910917162",
                        "1.1170106148127428",
                        "1.1078370351497924"
                    ]
                },
                "locked": "0"
            }
        },
        {
            "poseId": "743560311",
            "pose": {
                "transform": {
                    "rotation": [
                        "0.90672835877519509",
                        "0.3201688749967565",
                        "-0.27447326805383504",
                        "-0.26719887251777663",
                        "0.93970354464703343",
                        "0.21345259591541565",
                        "0.32626438040042011",
                        "-0.12020457421043554",
                        "0.93760461518745619"
                    ],
                    "center": [
                        "0.53730358099015429",
                        "-0.53079889996639129",
                        "-0.099544727635801106"
                    ]
                },
                "locked": "0"
            }
        },
        {
            "poseId": "748496795",
            "pose": {
                "transform": {
                    "rotation": [
                        "-0.11615128773891387",
                        "0.41772866359528121",
                        "0.9011168858519365",
                        "-0.60215688399057998",
                        "-0.75112740813376222",
                        "0.27058215723327322",
                        "0.78988351382931588",
                        "-0.51118527009407944",
                        "0.33878260613481243"
                    ],
                    "center": [
                        "-2.0266507183042006",
                        "-0.57085762568232346",
                        "1.1848909989688852"
                    ]
                },
                "locked": "0"
            }
        },
        {
            "poseId": "751026666",
            "pose": {
                "transform": {
                    "rotation": [
                        "0.23764511901213481",
                        "-0.94889909815677309",
                        "0.2076422378201771",
                        "0.65822148215311038",
                        "0.00011064864498305793",
                        "-0.75282432757519224",
                        "0.71433135017432281",
                        "0.31557960845742261",
                        "0.6246120659129063"
                    ],
                    "center": [
                        "-0.58748482831095372",
                        "1.6931894252244819",
                        "0.11388064841305501"
                    ]
                },
                "locked": "0"
            }
        },
        {
            "poseId": "752194912",
            "pose": {
                "transform": {
                    "rotation": [
                        "-0.16593104337644632",
                        "0.64335744794024041",
                        "0.74736743508385783",
                        "-0.49028065863093162",
                        "-0.71139094770626188",
                        "0.50353529696934496",
                        "0.85562361153513267",
                        "-0.28286766110923173",
                        "0.43346755551271515"
                    ],
                    "center": [
                        "-1.7910238471200814",
                        "-1.294670952125518",
                        "0.70497621054215498"
                    ]
                },
                "locked": "0"
            }
        },
        {
            "poseId": "773367268",
            "pose": {
                "transform": {
                    "rotation": [
                        "-0.24827289513953749",
                        "0.42873769487330937",
                        "0.86864524319986547",
                        "-0.283532146453992",
                        "-0.8896127079145949",
                        "0.35804853280533594",
                        "0.92626674962789446",
